0  4.836261988021907  5.643740065143251
1  5.602972464558882  7.806932598017605
2  4.983736875717405  5.915757398949868
3  7.54515967211433  9.017002087480629
4  7.344160969011518  13.138833323251848
5  7.5810699215759065  11.120846650486786
6  8.604330260602827  10.789828307803567
7  10.336073402077291  15.166091705252382
8  11.475934249219963  15.676963590554468
9  10.39264568066376  11.919377349243478
10  13.687684199140325  14.830642056287882
11  13.635118098722387  17.52057773592589
12  13.861167999781847  13.983777058500097
13  17.280192868624084  19.844044711510897
14  17.365519560308886  18.945428399544326
15  19.856584638024835  25.346553984457355
16  18.384662931364893  18.549712705392064
17  21.68158775386005  25.41186793042381
18  18.64015747809559  23.67045645970146
19  22.200427077890808  27.52699608981646
20  24.388342952180988  25.14814422461514
21  24.42373916690016  29.34725853353857
22  24.808462560236404  29.824065946165263
23  23.002273374151834  28.874220396301457
24  28.649338312343943  34.626928828792146
25  27.247011306702618  30.46951838668431
26  26.237258955553838  26.337473204812966
27  28.330541925527438  30.514595970790435
28  32.89532813473446  36.479003334486165
29  33.06755005086656  36.83257108752608
30  30.587803462743675  34.89777849502443
31  32.97091303464788  34.28502464245097
32  36.38260939653774  37.22646310528483
33  37.4279950894823  38.28712376945948
34  36.09586816614635  40.42806956557014
35  36.940149564426655  42.77294597675484
36  39.93604171312336  41.03963014890577
37  38.924907853449675  41.90684598291708
38  38.42853325349877  39.05068514127285
39  40.698064230109594  43.80793630410083
40  43.88682260596494  44.789864676428586
41  44.49058273687962  47.702936364168366
42  43.36184999211251  48.29401742285788
43  47.79604949806122  51.50652874461106
44  44.94861246600886  49.923569690587975
45  46.44880247634011  47.64443555360085
46  48.22068468837238  53.59156955527595
47  48.67974470483282  50.875455303198436
48  52.79015089272317  56.90651939298593
49  51.44749009663805  52.282884228065726
